$ LBLRTM run for TCWret
 HI=1 F4=1 CN=6 AE=0 EM=0 SC=0 FI=0 PL=0 TS=0 AM=1 MG=1 LA=0 MS=0 XS=1    0    0   00   00
 1 1 1 1 1 1 1
   500.000  2000.000     1.000                             0.0002     0.001                             0
    0    2   69    1    1    7    1
     0.018    30.000     0.000
     0.018     0.060     0.100     0.150     0.200     0.250     0.300     0.350
     0.360     0.370     0.380     0.390     0.400     0.450     0.500     0.520
     0.570     0.620     0.720     0.780     0.810     0.860     0.920     1.100
     1.250     1.400     1.600     1.800     2.000     2.200     2.400     2.600
     2.800     3.000     3.200     3.600     3.800     4.000     4.200     4.400
     4.700     5.000     5.300     5.600     5.900     6.200     6.500     6.800
     7.100     7.400     7.700     8.000     8.400     8.800     9.200     9.600
    10.000    10.500    11.000    11.500    12.000    12.500    13.000    14.000
    15.000    18.000    20.000    25.000    30.000
   69 Atmospheric layers
     0.018  1013.628 2.736E+02     AA   HAAAAAA
 9.577E+01 4.100E+02 2.422E-02 1.499E-01 1.700E+00 3.100E-01 2.090E+05
     0.060  1008.319 2.731E+02     AA   HAAAAAA
 9.754E+01 4.100E+02 2.444E-02 1.497E-01 1.700E+00 3.100E-01 2.090E+05
     0.100  1003.282 2.727E+02     AA   HAAAAAA
 9.957E+01 4.100E+02 2.465E-02 1.495E-01 1.700E+00 3.100E-01 2.090E+05
     0.150   997.012 2.723E+02     AA   HAAAAAA
 1.013E+02 4.100E+02 2.491E-02 1.492E-01 1.700E+00 3.100E-01 2.090E+05
     0.200   990.770 2.719E+02     AA   HAAAAAA
 1.009E+02 4.100E+02 2.518E-02 1.490E-01 1.700E+00 3.100E-01 2.090E+05
     0.250   984.564 2.717E+02     AA   HAAAAAA
 9.986E+01 4.100E+02 2.544E-02 1.487E-01 1.700E+00 3.100E-01 2.090E+05
     0.300   978.388 2.714E+02     AA   HAAAAAA
 9.922E+01 4.100E+02 2.570E-02 1.485E-01 1.700E+00 3.100E-01 2.090E+05
     0.350   972.244 2.710E+02     AA   HAAAAAA
 9.891E+01 4.100E+02 2.597E-02 1.482E-01 1.700E+00 3.100E-01 2.090E+05
     0.360   971.017 2.709E+02     AA   HAAAAAA
 9.890E+01 4.100E+02 2.602E-02 1.482E-01 1.700E+00 3.100E-01 2.090E+05
     0.370   969.791 2.709E+02     AA   HAAAAAA
 9.886E+01 4.100E+02 2.607E-02 1.482E-01 1.700E+00 3.100E-01 2.090E+05
     0.380   968.571 2.709E+02     AA   HAAAAAA
 9.820E+01 4.100E+02 2.613E-02 1.481E-01 1.700E+00 3.100E-01 2.090E+05
     0.390   967.352 2.709E+02     AA   HAAAAAA
 9.748E+01 4.100E+02 2.618E-02 1.480E-01 1.700E+00 3.100E-01 2.090E+05
     0.400   966.133 2.709E+02     AA   HAAAAAA
 9.676E+01 4.100E+02 2.623E-02 1.480E-01 1.700E+00 3.100E-01 2.090E+05
     0.450   960.078 2.723E+02     AA   HAAAAAA
 8.712E+01 4.100E+02 2.650E-02 1.477E-01 1.700E+00 3.100E-01 2.090E+05
     0.500   954.103 2.750E+02     AA   HAAAAAA
 7.143E+01 4.100E+02 2.676E-02 1.475E-01 1.700E+00 3.100E-01 2.090E+05
     0.520   951.744 2.763E+02     AA   HAAAAAA
 6.477E+01 4.100E+02 2.687E-02 1.474E-01 1.700E+00 3.100E-01 2.090E+05
     0.570   945.898 2.784E+02     AA   HAAAAAA
 5.337E+01 4.100E+02 2.713E-02 1.472E-01 1.700E+00 3.100E-01 2.090E+05
     0.620   940.112 2.794E+02     AA   HAAAAAA
 4.756E+01 4.100E+02 2.739E-02 1.469E-01 1.700E+00 3.100E-01 2.090E+05
     0.720   928.692 2.795E+02     AA   HAAAAAA
 4.258E+01 4.100E+02 2.792E-02 1.464E-01 1.700E+00 3.100E-01 2.090E+05
     0.780   921.895 2.794E+02     AA   HAAAAAA
 3.983E+01 4.100E+02 2.824E-02 1.461E-01 1.700E+00 3.100E-01 2.090E+05
     0.810   918.528 2.794E+02     AA   HAAAAAA
 3.834E+01 4.100E+02 2.840E-02 1.459E-01 1.700E+00 3.100E-01 2.090E+05
     0.860   912.915 2.795E+02     AA   HAAAAAA
 3.587E+01 4.100E+02 2.866E-02 1.457E-01 1.700E+00 3.100E-01 2.090E+05
     0.920   906.251 2.794E+02     AA   HAAAAAA
 3.341E+01 4.100E+02 2.898E-02 1.454E-01 1.700E+00 3.100E-01 2.090E+05
     1.100   886.505 2.793E+02     AA   HAAAAAA
 2.909E+01 4.100E+02 2.984E-02 1.445E-01 1.700E+00 3.100E-01 2.090E+05
     1.250   870.374 2.791E+02     AA   HAAAAAA
 2.877E+01 4.100E+02 3.050E-02 1.437E-01 1.700E+00 3.100E-01 2.090E+05
     1.400   854.520 2.789E+02     AA   HAAAAAA
 3.047E+01 4.100E+02 3.116E-02 1.430E-01 1.700E+00 3.100E-01 2.090E+05
     1.600   833.803 2.781E+02     AA   HAAAAAA
 4.014E+01 4.100E+02 3.203E-02 1.419E-01 1.700E+00 3.100E-01 2.090E+05
     1.800   813.535 2.768E+02     AA   HAAAAAA
 5.290E+01 4.100E+02 3.291E-02 1.409E-01 1.700E+00 3.100E-01 2.090E+05
     2.000   793.651 2.754E+02     AA   HAAAAAA
 5.759E+01 4.100E+02 3.379E-02 1.399E-01 1.700E+00 3.100E-01 2.090E+05
     2.200   774.148 2.740E+02     AA   HAAAAAA
 5.527E+01 4.100E+02 3.481E-02 1.389E-01 1.700E+00 3.100E-01 2.090E+05
     2.400   755.040 2.729E+02     AA   HAAAAAA
 5.088E+01 4.100E+02 3.582E-02 1.379E-01 1.700E+00 3.100E-01 2.090E+05
     2.600   736.343 2.721E+02     AA   HAAAAAA
 4.863E+01 4.100E+02 3.684E-02 1.369E-01 1.700E+00 3.100E-01 2.090E+05
     2.800   718.056 2.711E+02     AA   HAAAAAA
 4.799E+01 4.100E+02 3.785E-02 1.359E-01 1.700E+00 3.100E-01 2.090E+05
     3.000   700.159 2.700E+02     AA   HAAAAAA
 4.766E+01 4.100E+02 3.887E-02 1.349E-01 1.700E+00 3.100E-01 2.090E+05
     3.200   682.631 2.687E+02     AA   HAAAAAA
 4.700E+01 4.100E+02 4.005E-02 1.342E-01 1.699E+00 3.096E-01 2.090E+05
     3.600   648.599 2.660E+02     AA   HAAAAAA
 4.204E+01 4.100E+02 4.242E-02 1.327E-01 1.698E+00 3.087E-01 2.090E+05
     3.800   632.064 2.647E+02     AA   HAAAAAA
 3.669E+01 4.100E+02 4.360E-02 1.319E-01 1.698E+00 3.083E-01 2.090E+05
     4.000   615.958 2.636E+02     AA   HAAAAAA
 2.925E+01 4.100E+02 4.478E-02 1.312E-01 1.697E+00 3.079E-01 2.090E+05
     4.200   600.191 2.627E+02     AA   HAAAAAA
 2.229E+01 4.100E+02 4.648E-02 1.310E-01 1.695E+00 3.068E-01 2.090E+05
     4.400   584.731 2.618E+02     AA   HAAAAAA
 1.700E+01 4.100E+02 4.818E-02 1.308E-01 1.693E+00 3.057E-01 2.090E+05
     4.700   562.211 2.602E+02     AA   HAAAAAA
 1.394E+01 4.100E+02 5.073E-02 1.306E-01 1.690E+00 3.040E-01 2.090E+05
     5.000   540.418 2.584E+02     AA   HAAAAAA
 1.382E+01 4.100E+02 5.328E-02 1.303E-01 1.687E+00 3.024E-01 2.090E+05
     5.300   519.316 2.564E+02     AA   HAAAAAA
 1.445E+01 4.100E+02 5.699E-02 1.298E-01 1.683E+00 2.989E-01 2.090E+05
     5.600   498.873 2.542E+02     AA   HAAAAAA
 1.554E+01 4.100E+02 6.070E-02 1.294E-01 1.678E+00 2.953E-01 2.090E+05
     5.900   479.065 2.519E+02     AA   HAAAAAA
 1.667E+01 4.100E+02 6.440E-02 1.290E-01 1.673E+00 2.918E-01 2.090E+05
     6.200   459.872 2.496E+02     AA   HAAAAAA
 1.953E+01 4.100E+02 6.799E-02 1.280E-01 1.667E+00 2.889E-01 2.090E+05
     6.500   441.282 2.473E+02     AA   HAAAAAA
 2.604E+01 4.100E+02 7.151E-02 1.268E-01 1.661E+00 2.864E-01 2.090E+05
     6.800   423.284 2.451E+02     AA   HAAAAAA
 3.267E+01 4.100E+02 7.503E-02 1.255E-01 1.654E+00 2.839E-01 2.090E+05
     7.100   405.871 2.429E+02     AA   HAAAAAA
 3.461E+01 4.100E+02 7.876E-02 1.241E-01 1.647E+00 2.816E-01 2.090E+05
     7.400   389.032 2.408E+02     AA   HAAAAAA
 3.217E+01 4.100E+02 8.288E-02 1.222E-01 1.641E+00 2.797E-01 2.090E+05
     7.700   372.753 2.387E+02     AA   HAAAAAA
 3.066E+01 4.100E+02 8.701E-02 1.204E-01 1.635E+00 2.778E-01 2.090E+05
     8.000   357.015 2.364E+02     AA   HAAAAAA
 3.028E+01 4.100E+02 9.114E-02 1.185E-01 1.629E+00 2.759E-01 2.090E+05
     8.400   336.799 2.332E+02     AA   HAAAAAA
 3.225E+01 4.100E+02 1.115E-01 1.149E-01 1.623E+00 2.737E-01 2.090E+05
     8.800   317.533 2.296E+02     AA   HAAAAAA
 4.029E+01 4.100E+02 1.318E-01 1.112E-01 1.618E+00 2.714E-01 2.090E+05
     9.200   299.039 2.261E+02     AA   HAAAAAA
 4.821E+01 4.100E+02 1.514E-01 1.074E-01 1.608E+00 2.693E-01 2.090E+05
     9.600   281.389 2.228E+02     AA   HAAAAAA
 5.004E+01 4.100E+02 1.702E-01 1.035E-01 1.593E+00 2.672E-01 2.090E+05
    10.000   264.556 2.196E+02     AA   HAAAAAA
 4.703E+01 4.100E+02 1.890E-01 9.962E-02 1.579E+00 2.651E-01 2.090E+05
    10.500   244.624 2.163E+02     AA   HAAAAAA
 4.595E+01 4.100E+02 2.470E-01 9.463E-02 1.560E+00 2.626E-01 2.090E+05
    11.000   225.952 2.143E+02     AA   HAAAAAA
 3.830E+01 4.100E+02 3.050E-01 8.964E-02 1.542E+00 2.600E-01 2.090E+05
    11.500   208.735 2.166E+02     AA   HAAAAAA
 1.796E+01 4.100E+02 3.575E-01 8.389E-02 1.524E+00 2.575E-01 2.090E+05
    12.000   193.091 2.206E+02     AA   HAAAAAA
 5.994E+00 4.100E+02 4.100E-01 7.814E-02 1.506E+00 2.549E-01 2.090E+05
    12.500   178.782 2.235E+02     AA   HAAAAAA
 1.649E+00 4.100E+02 4.550E-01 7.094E-02 1.489E+00 2.521E-01 2.090E+05
    13.000   165.703 2.243E+02     AA   HAAAAAA
 1.098E+00 4.100E+02 5.000E-01 6.374E-02 1.471E+00 2.494E-01 2.090E+05
    14.000   142.359 2.249E+02     AA   HAAAAAA
 8.811E-01 4.100E+02 6.000E-01 5.025E-02 1.434E+00 2.433E-01 2.090E+05
    15.000   122.356 2.253E+02     AA   HAAAAAA
 6.402E-01 4.100E+02 7.000E-01 3.941E-02 1.389E+00 2.355E-01 2.090E+05
    18.000    78.733 2.265E+02     AA   HAAAAAA
 3.609E-01 4.100E+02 1.300E+00 1.966E-02 1.230E+00 2.035E-01 2.090E+05
    20.000    58.310 2.272E+02     AA   HAAAAAA
 2.573E-01 4.100E+02 2.100E+00 1.331E-02 1.072E+00 1.567E-01 2.090E+05
    25.000    27.365 2.279E+02     AA   HAAAAAA
 1.225E-01 4.100E+02 4.500E+00 1.510E-02 7.477E-01 8.775E-02 2.090E+05
    30.000    13.123 2.359E+02     AA   HAAAAAA
 2.886E-02 4.100E+02 5.700E+00 1.808E-02 6.442E-01 5.941E-02 2.090E+05
    3    0    0  The following cross-sections were selected:
CCL4      F11       F12
    2    0 XS 1995 UNEP values
     0.018     AAA
 1.105E-04 2.783E-04 5.027E-04
    30.000     AAA
 1.105E-04 2.783E-04 5.027E-04
-1
%%%
