$    1  LBLRTM run for TCWret                                                  LBLRTM 
 1 49    7  1.000000 Atmospheric lay H1=    0.00 H2=   20.00 ANG=   0.000 LEN= 0
   1005.559        273.36              3   0.000 1006.92 273.60  0.032 1004.18 273.10
  3.9704403E+20  3.5042542E+19  2.0730264E+15  1.2807039E+16  1.4529849E+17  2.6495847E+16  1.7862668E+22  6.7567402E+22
   1001.702        272.90              3                         0.072 999.203 272.70
  4.7238348E+20  4.2917545E+19  2.5535138E+15  1.5669638E+16  1.7794840E+17  3.2449498E+16  2.1877046E+22  8.2754751E+22
   995.7081        272.60              3                         0.128 992.205 272.50
  6.5687970E+20  6.0638075E+19  3.6456217E+15  2.2110492E+16  2.5142553E+17  4.5847968E+16  3.0910609E+22  1.1692586E+23
   987.7533        272.25              3                         0.200 983.306 272.00
  8.2511209E+20  7.7521384E+19  4.7248822E+15  2.8209964E+16  3.2142735E+17  5.8613247E+16  3.9516659E+22  1.4948088E+23
   977.8892        271.85              3                         0.288 972.480 271.70
  9.7593820E+20  9.3486302E+19  5.7936135E+15  3.3928588E+16  3.8762733E+17  7.0685335E+16  4.7655357E+22  1.8026511E+23
   966.1642        271.45              3                         0.392 959.847 271.20
  1.1230672E+21  1.0946599E+20  6.9186930E+15  3.9594956E+16  4.5388434E+17  8.2767215E+16  5.5801234E+22  2.1107975E+23
   952.6503        270.85              3                         0.512 945.460 270.50
  1.2436467E+21  1.2494899E+20  8.0768224E+15  4.5012082E+16  5.1807864E+17  9.4473905E+16  6.3693662E+22  2.4093516E+23
   937.3911        270.15              3                         0.648 929.331 269.80
  1.3377142E+21  1.3932038E+20  9.2351042E+15  4.9985968E+16  5.7766967E+17  1.0533964E+17  7.1019469E+22  2.6864700E+23
   920.4900        269.95              3                         0.800 911.648 270.10
  1.4753854E+21  1.5315824E+20  1.0435951E+16  5.4689167E+16  6.3504768E+17  1.1580291E+17  7.8073502E+22  2.9533021E+23
   902.0742        269.75              3                         0.968 892.505 269.40
  1.6090417E+21  1.6613851E+20  1.1658673E+16  5.8999910E+16  6.8886884E+17  1.2561722E+17  8.4690281E+22  3.2035927E+23
   882.2597        269.55              3                         1.152 872.013 269.70
  1.7384189E+21  1.7820279E+20  1.2881001E+16  6.2893242E+16  7.3888961E+17  1.3473876E+17  9.0840181E+22  3.4362364E+23
   861.1048        269.05              3                         1.352 850.210 268.40
  1.8248082E+21  1.8951471E+20  1.4101026E+16  6.6423413E+16  7.8579148E+17  1.4329118E+17  9.6606076E+22  3.6543436E+23
   838.6517        267.65              3                         1.568 827.117 266.90
  1.7791228E+21  2.0007767E+20  1.5330906E+16  6.9613397E+16  8.2959534E+17  1.5127904E+17  1.0199137E+23  3.8580587E+23
   815.0410        266.60              3                         1.800 802.975 266.30
  1.7711326E+21  2.0982329E+20  1.6578437E+16  7.2415227E+16  8.6999772E+17  1.5864651E+17  1.0695853E+23  4.0459237E+23
   790.4422        266.00              3                         2.048 777.918 265.70
  1.8128556E+21  2.1812662E+20  1.7803025E+16  7.4643036E+16  9.0442810E+17  1.6492552E+17  1.1119143E+23  4.2060601E+23
   765.0307        266.20              3                         2.312 752.126 266.70
  1.9592936E+21  2.2461847E+20  1.9005001E+16  7.6152983E+16  9.3134600E+17  1.6983357E+17  1.1450078E+23  4.3312534E+23
   738.9661        266.55              3                         2.592 725.811 266.40
  2.1286912E+21  2.2944350E+20  2.0188751E+16  7.7005156E+16  9.5135134E+17  1.7348175E+17  1.1696024E+23  4.4242743E+23
   712.3217        266.00              3                         2.888 698.847 265.60
  2.1662365E+21  2.3478104E+20  2.1497037E+16  7.7994545E+16  9.7348148E+17  1.7751756E+17  1.1968098E+23  4.5271956E+23
   685.0982        264.60              3                         3.200 671.384 263.60
  2.0576834E+21  2.3902737E+20  2.2832323E+16  7.8618139E+16  9.9080188E+17  1.8061226E+17  1.2184591E+23  4.6091064E+23
   657.4256        262.70              3                         3.528 643.500 261.80
  1.8741160E+21  2.4268560E+20  2.4272447E+16  7.9051897E+16  1.0053723E+18  1.8305078E+17  1.2371050E+23  4.6796309E+23
   629.3353        260.61              3                         3.872 615.213 259.40
  1.6786816E+21  2.4614130E+20  2.5809438E+16  7.9427268E+16  1.0190899E+18  1.8523746E+17  1.2547206E+23  4.7462874E+23
   600.9218        258.31              3                         4.232 586.672 257.20
  1.4675680E+21  2.4797099E+20  2.7435572E+16  7.9442619E+16  1.0257573E+18  1.8592063E+17  1.2640485E+23  4.7815589E+23
   572.3530        255.96              3                         4.608 558.081 254.70
  1.2728777E+21  2.4910136E+20  2.9358520E+16  7.9500326E+16  1.0286142E+18  1.8567484E+17  1.2698088E+23  4.8033513E+23
   543.7149        253.46              3                         5.000 529.396 252.20
  1.0839124E+21  2.4928462E+20  3.1364445E+16  7.9346343E+16  1.0269400E+18  1.8453550E+17  1.2707474E+23  4.8068832E+23
   515.0743        250.81              3                         5.408 500.805 249.40
  9.0593657E+20  2.4852247E+20  3.3789042E+16  7.8800976E+16  1.0207720E+18  1.8185237E+17  1.2668575E+23  4.7921878E+23
   486.6175        247.81              3                         5.832 472.491 246.20
  7.2884082E+20  2.4679592E+20  3.6647886E+16  7.7892565E+16  1.0100683E+18  1.7763973E+17  1.2580580E+23  4.7589069E+23
   458.3975        244.71              3                         6.272 444.362 243.20
  5.7637986E+20  2.4443122E+20  3.9430239E+16  7.6551401E+16  9.9592808E+17  1.7316569E+17  1.2460051E+23  4.7132977E+23
   430.5071        241.56              3                         6.728 416.715 239.90
  4.4977552E+20  2.4111271E+20  4.2020762E+16  7.4542490E+16  9.7653311E+17  1.6843326E+17  1.2290879E+23  4.6493163E+23
   403.0779        238.06              3                         7.200 389.511 236.20
  3.3626398E+20  2.3720079E+20  4.4603145E+16  7.2118454E+16  9.5460995E+17  1.6355926E+17  1.2091449E+23  4.5738752E+23
   376.1531        234.31              3                         7.688 362.867 232.40
  2.4189597E+20  2.3236929E+20  4.7275701E+16  6.9119914E+16  9.2949758E+17  1.5835720E+17  1.1845152E+23  4.4807095E+23
   349.8200        230.36              3                         8.192 336.850 228.30
  1.6824190E+20  2.2708879E+20  5.1861142E+16  6.5693921E+16  9.0311487E+17  1.5306975E+17  1.1575982E+23  4.3788845E+23
   324.2074        227.06              3                         8.712 311.611 225.80
  1.2272998E+20  2.2034885E+20  6.0992581E+16  6.1488105E+16  8.7200968E+17  1.4691558E+17  1.1232419E+23  4.2489099E+23
   299.5518        225.40              3                         9.248 287.507 225.00
  1.0588308E+20  2.1143054E+20  7.2180568E+16  5.6474203E+16  8.3157995E+17  1.3947511E+17  1.0777801E+23  4.0769408E+23
   275.9841        224.46              3                         9.800 264.480 223.90
  9.8334937E+19  2.0131486E+20  8.1578927E+16  5.1218456E+16  7.8370887E+17  1.3137838E+17  1.0262144E+23  3.8818806E+23
   253.5616        224.54              3                        10.368 242.622 225.20
  1.0241877E+20  1.9042806E+20  9.4817279E+16  4.5884501E+16  7.3181790E+17  1.2292804E+17  9.7071865E+22  3.6719538E+23
   232.4881        226.23              3                        10.952 222.323 227.30
  1.2650743E+20  1.7803947E+20  1.1444917E+17  4.0406945E+16  6.7509347E+17  1.1365052E+17  9.0756765E+22  3.4330785E+23
   212.8280        227.79              3                        11.552 203.319 228.30
  1.5290423E+20  1.6618506E+20  1.3363019E+17  3.5147519E+16  6.2142885E+17  1.0486693E+17  8.4713898E+22  3.2044859E+23
   194.4839        228.60              3                        12.168 185.641 228.90
  1.7083225E+20  1.5550426E+20  1.4896134E+17  3.0154156E+16  5.7314493E+17  9.6951826E+16  7.9269289E+22  2.9985330E+23
   177.3920        228.85              3                        12.800 169.144 228.80
  1.7976375E+20  1.4526267E+20  1.6032587E+17  2.5205958E+16  5.2760158E+17  8.9379962E+16  7.4048464E+22  2.8010439E+23
   161.4243        228.70              3                        13.448 153.707 228.60
  1.8163072E+20  1.3573815E+20  1.6959414E+17  2.0567192E+16  4.8539855E+17  8.2311949E+16  6.9193368E+22  2.6173878E+23
   146.5501        228.80              3                        14.112 139.389 229.00
  1.8782297E+20  1.2604006E+20  1.7732016E+17  1.6392749E+16  4.4319118E+17  7.5187285E+16  6.4249708E+22  2.4303856E+23
   132.7744        229.05              3                        14.792 126.159 229.10
  1.9758097E+20  1.1690818E+20  1.8364072E+17  1.2920167E+16  4.0310587E+17  6.8372594E+16  5.9594684E+22  2.2542981E+23
   120.0233        229.30              3                        15.488 113.884 229.50
  2.0743620E+20  1.0797548E+20  1.9377375E+17  1.0248061E+16  3.6362166E+17  6.1557288E+16  5.5041162E+22  2.0820546E+23
   108.2043        229.35              3                        16.200 102.527 229.20
  2.1348320E+20  9.9630126E+19  2.1034635E+17  8.2234542E+15  3.2665044E+17  5.5050383E+16  5.0787034E+22  1.9211308E+23
   97.35299        229.40              3                        16.928 92.1760 229.60
  2.1930245E+20  9.1573028E+19  2.2556596E+17  6.4977583E+15  2.9174943E+17  4.8879249E+16  4.6679891E+22  1.7657717E+23
   87.42519        229.70              3                        17.672 82.6730 229.80
  2.3105097E+20  8.3873861E+19  2.3670271E+17  4.9571809E+15  2.5924395E+17  4.3163872E+16  4.2755202E+22  1.6173114E+23
   78.33152        229.80              3                        18.432 73.9900 229.80
  2.3865160E+20  7.6779645E+19  2.5239293E+17  3.7520504E+15  2.2880244E+17  3.7500120E+16  3.9138888E+22  1.4805148E+23
   70.01255        229.90              3                        19.208 66.0340 230.00
  2.4608138E+20  6.9990152E+19  2.7656485E+17  2.9103555E+15  1.9901382E+17  3.1465538E+16  3.5677892E+22  1.3495952E+23
   62.42602        230.00              3                        20.000 58.8180 230.00
  2.5378410E+20  6.3659678E+19  3.0030508E+17  2.2596258E+15  1.7138569E+17  2.5767673E+16  3.2450912E+22  1.2275271E+23
    3         0      THE FOLLOWING CROSS-SECTIONS WERE SELECTED:
CCL4      F11       F12                                                OTHER    
 1 49    3  1.000000 Atmospheric lay H1=   0.000 H2=  20.000 ANG=   0.000 LEN= 0
   1005.559        273.36              3   0.000 1006.92 273.60  0.032 1004.18 273.10
  9.4443542E+12  2.3785349E+13  4.2966228E+13  0.0000000E+00  0.0000000E+00  0.0000000E+00  0.0000000E+00  6.7567402E+22
   1001.702        272.90              3                         0.072 999.203 272.70
  1.1566666E+13  2.9131016E+13  5.2620228E+13  0.0000000E+00  0.0000000E+00  0.0000000E+00  0.0000000E+00  8.2754751E+22
   995.7081        272.60              3                         0.128 992.205 272.50
  1.6342721E+13  4.1159989E+13  7.4348258E+13  0.0000000E+00  0.0000000E+00  0.0000000E+00  0.0000000E+00  1.1692586E+23
   987.7533        272.25              3                         0.200 983.306 272.00
  2.0892617E+13  5.2619586E+13  9.5047425E+13  0.0000000E+00  0.0000000E+00  0.0000000E+00  0.0000000E+00  1.4948088E+23
   977.8892        271.85              3                         0.288 972.480 271.70
  2.5195706E+13  6.3456594E+13  1.1462322E+14  0.0000000E+00  0.0000000E+00  0.0000000E+00  0.0000000E+00  1.8026511E+23
   966.1642        271.45              3                         0.392 959.847 271.20
  2.9502558E+13  7.4303656E+13  1.3421629E+14  0.0000000E+00  0.0000000E+00  0.0000000E+00  0.0000000E+00  2.1107975E+23
   952.6503        270.85              3                         0.512 945.460 270.50
  3.3675360E+13  8.4812904E+13  1.5320007E+14  0.0000000E+00  0.0000000E+00  0.0000000E+00  0.0000000E+00  2.4093516E+23
   937.3911        270.15              3                         0.648 929.331 269.80
  3.7548571E+13  9.4567966E+13  1.7082008E+14  0.0000000E+00  0.0000000E+00  0.0000000E+00  0.0000000E+00  2.6864700E+23
   920.4900        269.95              3                         0.800 911.648 270.10
  4.1278138E+13  1.0396102E+14  1.8778716E+14  0.0000000E+00  0.0000000E+00  0.0000000E+00  0.0000000E+00  2.9533021E+23
   902.0742        269.75              3                         0.968 892.505 269.40
  4.4776489E+13  1.1277189E+14  2.0370176E+14  0.0000000E+00  0.0000000E+00  0.0000000E+00  0.0000000E+00  3.2035927E+23
   882.2597        269.55              3                         1.152 872.013 269.70
  4.8027943E+13  1.2096051E+14  2.1849403E+14  0.0000000E+00  0.0000000E+00  0.0000000E+00  0.0000000E+00  3.4362364E+23
   861.1048        269.05              3                         1.352 850.210 268.40
  5.1076242E+13  1.2863832E+14  2.3236340E+14  0.0000000E+00  0.0000000E+00  0.0000000E+00  0.0000000E+00  3.6543436E+23
   838.6517        267.65              3                         1.568 827.117 266.90
  5.3923612E+13  1.3580937E+14  2.4531580E+14  0.0000000E+00  0.0000000E+00  0.0000000E+00  0.0000000E+00  3.8580587E+23
   815.0410        266.60              3                         1.800 802.975 266.30
  5.6549859E+13  1.4242377E+14  2.5726339E+14  0.0000000E+00  0.0000000E+00  0.0000000E+00  0.0000000E+00  4.0459237E+23
   790.4422        266.00              3                         2.048 777.918 265.70
  5.8787747E+13  1.4806002E+14  2.6744532E+14  0.0000000E+00  0.0000000E+00  0.0000000E+00  0.0000000E+00  4.2060601E+23
   765.0307        266.20              3                         2.312 752.126 266.70
  6.0537455E+13  1.5246676E+14  2.7540428E+14  0.0000000E+00  0.0000000E+00  0.0000000E+00  0.0000000E+00  4.3312534E+23
   738.9661        266.55              3                         2.592 725.811 266.40
  6.1838050E+13  1.5574186E+14  2.8132034E+14  0.0000000E+00  0.0000000E+00  0.0000000E+00  0.0000000E+00  4.4242743E+23
   712.3217        266.00              3                         2.888 698.847 265.60
  6.3276252E+13  1.5936454E+14  2.8786411E+14  0.0000000E+00  0.0000000E+00  0.0000000E+00  0.0000000E+00  4.5271956E+23
   685.0982        264.60              3                         3.200 671.384 263.60
  6.4420848E+13  1.6224741E+14  2.9307045E+14  0.0000000E+00  0.0000000E+00  0.0000000E+00  0.0000000E+00  4.6091064E+23
   657.4256        262.70              3                         3.528 643.500 261.80
  6.5406660E+13  1.6473010E+14  2.9755624E+14  0.0000000E+00  0.0000000E+00  0.0000000E+00  0.0000000E+00  4.6796309E+23
   629.3353        260.61              3                         3.872 615.213 259.40
  6.6338102E+13  1.6707584E+14  3.0179329E+14  0.0000000E+00  0.0000000E+00  0.0000000E+00  0.0000000E+00  4.7462874E+23
   600.9218        258.31              3                         4.232 586.672 257.20
  6.6831188E+13  1.6831786E+14  3.0403691E+14  0.0000000E+00  0.0000000E+00  0.0000000E+00  0.0000000E+00  4.7815589E+23
   572.3530        255.96              3                         4.608 558.081 254.70
  6.7135829E+13  1.6908541E+14  3.0542244E+14  0.0000000E+00  0.0000000E+00  0.0000000E+00  0.0000000E+00  4.8033513E+23
   543.7149        253.46              3                         5.000 529.396 252.20
  6.7185393E+13  1.6920980E+14  3.0564766E+14  0.0000000E+00  0.0000000E+00  0.0000000E+00  0.0000000E+00  4.8068832E+23
   515.0743        250.81              3                         5.408 500.805 249.40
  6.6979759E+13  1.6869209E+14  3.0471266E+14  0.0000000E+00  0.0000000E+00  0.0000000E+00  0.0000000E+00  4.7921878E+23
   486.6175        247.81              3                         5.832 472.491 246.20
  6.6514510E+13  1.6752027E+14  3.0259605E+14  0.0000000E+00  0.0000000E+00  0.0000000E+00  0.0000000E+00  4.7589069E+23
   458.3975        244.71              3                         6.272 444.362 243.20
  6.5877291E+13  1.6591543E+14  2.9969715E+14  0.0000000E+00  0.0000000E+00  0.0000000E+00  0.0000000E+00  4.7132977E+23
   430.5071        241.56              3                         6.728 416.715 239.90
  6.4982914E+13  1.6366261E+14  2.9562763E+14  0.0000000E+00  0.0000000E+00  0.0000000E+00  0.0000000E+00  4.6493163E+23
   403.0779        238.06              3                         7.200 389.511 236.20
  6.3928558E+13  1.6100737E+14  2.9083103E+14  0.0000000E+00  0.0000000E+00  0.0000000E+00  0.0000000E+00  4.5738752E+23
   376.1531        234.31              3                         7.688 362.867 232.40
  6.2626302E+13  1.5772754E+14  2.8490709E+14  0.0000000E+00  0.0000000E+00  0.0000000E+00  0.0000000E+00  4.4807095E+23
   349.8200        230.36              3                         8.192 336.850 228.30
  6.1203196E+13  1.5414341E+14  2.7843300E+14  0.0000000E+00  0.0000000E+00  0.0000000E+00  0.0000000E+00  4.3788845E+23
   324.2074        227.06              3                         8.712 311.611 225.80
  5.9386710E+13  1.4956849E+14  2.7016886E+14  0.0000000E+00  0.0000000E+00  0.0000000E+00  0.0000000E+00  4.2489099E+23
   299.5518        225.40              3                         9.248 287.507 225.00
  5.6983126E+13  1.4351496E+14  2.5923455E+14  0.0000000E+00  0.0000000E+00  0.0000000E+00  0.0000000E+00  4.0769408E+23
   275.9841        224.46              3                         9.800 264.480 223.90
  5.4256816E+13  1.3664861E+14  2.4683157E+14  0.0000000E+00  0.0000000E+00  0.0000000E+00  0.0000000E+00  3.8818806E+23
   253.5616        224.54              3                        10.368 242.622 225.20
  5.1322687E+13  1.2925879E+14  2.3348335E+14  0.0000000E+00  0.0000000E+00  0.0000000E+00  0.0000000E+00  3.6719538E+23
   232.4881        226.23              3                        10.952 222.323 227.30
  4.7983840E+13  1.2084982E+14  2.1829398E+14  0.0000000E+00  0.0000000E+00  0.0000000E+00  0.0000000E+00  3.4330785E+23
   212.8280        227.79              3                        11.552 203.319 228.30
  4.4788905E+13  1.1280315E+14  2.0375912E+14  0.0000000E+00  0.0000000E+00  0.0000000E+00  0.0000000E+00  3.2044859E+23
   194.4839        228.60              3                        12.168 185.641 228.90
  4.1910278E+13  1.0555333E+14  1.9066338E+14  0.0000000E+00  0.0000000E+00  0.0000000E+00  0.0000000E+00  2.9985330E+23
   177.3920        228.85              3                        12.800 169.144 228.80
  3.9150066E+13  9.8601385E+13  1.7810622E+14  0.0000000E+00  0.0000000E+00  0.0000000E+00  0.0000000E+00  2.8010439E+23
   161.4243        228.70              3                        13.448 153.707 228.60
  3.6583101E+13  9.2136444E+13  1.6642815E+14  0.0000000E+00  0.0000000E+00  0.0000000E+00  0.0000000E+00  2.6173878E+23
   146.5501        228.80              3                        14.112 139.389 229.00
  3.3969309E+13  8.5553576E+13  1.5453749E+14  0.0000000E+00  0.0000000E+00  0.0000000E+00  0.0000000E+00  2.4303856E+23
   132.7744        229.05              3                        14.792 126.159 229.10
  3.1508178E+13  7.9354948E+13  1.4334074E+14  0.0000000E+00  0.0000000E+00  0.0000000E+00  0.0000000E+00  2.2542981E+23
   120.0233        229.30              3                        15.488 113.884 229.50
  2.9100710E+13  7.3291688E+13  1.3238855E+14  0.0000000E+00  0.0000000E+00  0.0000000E+00  0.0000000E+00  2.0820546E+23
   108.2043        229.35              3                        16.200 102.527 229.20
  2.6851527E+13  6.7626953E+13  1.2215613E+14  0.0000000E+00  0.0000000E+00  0.0000000E+00  0.0000000E+00  1.9211308E+23
   97.35299        229.40              3                        16.928 92.1760 229.60
  2.4680036E+13  6.2157941E+13  1.1227742E+14  0.0000000E+00  0.0000000E+00  0.0000000E+00  0.0000000E+00  1.7657717E+23
   87.42519        229.70              3                        17.672 82.6730 229.80
  2.2605029E+13  5.6931939E+13  1.0283754E+14  0.0000000E+00  0.0000000E+00  0.0000000E+00  0.0000000E+00  1.6173114E+23
   78.33152        229.80              3                        18.432 73.9900 229.80
  2.0693048E+13  5.2116530E+13  9.4139350E+13  0.0000000E+00  0.0000000E+00  0.0000000E+00  0.0000000E+00  1.4805148E+23
   70.01255        229.90              3                        19.208 66.0340 230.00
  1.8863184E+13  4.7507959E+13  8.5814696E+13  0.0000000E+00  0.0000000E+00  0.0000000E+00  0.0000000E+00  1.3495952E+23
   62.42602        230.00              3                        20.000 58.8180 230.00
  1.7157057E+13  4.3210940E+13  7.8053003E+13  0.0000000E+00  0.0000000E+00  0.0000000E+00  0.0000000E+00  1.2275271E+23
