$ LBLRTM run for TCWret
 HI=1 F4=1 CN=1 AE=0 EM=0 SC=0 FI=0 PL=0 TS=0 AM=1 MG=1 LA=0 MS=0 XS=1    0    0
   500.000  2000.000     1.000                             0.0002     0.001                             0
    0    2   50    1    1    7    1
     0.000    20.000     0.000
     0.000     0.032     0.072     0.128     0.200     0.288     0.392     0.512
     0.648     0.800     0.968     1.152     1.352     1.568     1.800     2.048
     2.312     2.592     2.888     3.200     3.528     3.872     4.232     4.608
     5.000     5.408     5.832     6.272     6.728     7.200     7.688     8.192
     8.712     9.248     9.800    10.368    10.952    11.552    12.168    12.800
    13.448    14.112    14.792    15.488    16.200    16.928    17.672    18.432
    19.208    20.000
   50 Atmospheric layers
     0.000  1006.919 2.736E+02     AA   H000000
 7.500E+01 0.000E+00 0.000E+00 0.000E+00 0.000E+00 0.000E+00 0.000E+00
     0.032  1004.180 2.731E+02     AA   H000000
 7.500E+01 0.000E+00 0.000E+00 0.000E+00 0.000E+00 0.000E+00 0.000E+00
     0.072   999.203 2.727E+02     AA   H000000
 7.500E+01 0.000E+00 0.000E+00 0.000E+00 0.000E+00 0.000E+00 0.000E+00
     0.128   992.205 2.725E+02     AA   H000000
 7.500E+01 0.000E+00 0.000E+00 0.000E+00 0.000E+00 0.000E+00 0.000E+00
     0.200   983.306 2.720E+02     AA   H000000
 7.500E+01 0.000E+00 0.000E+00 0.000E+00 0.000E+00 0.000E+00 0.000E+00
     0.288   972.480 2.717E+02     AA   H000000
 7.500E+01 0.000E+00 0.000E+00 0.000E+00 0.000E+00 0.000E+00 0.000E+00
     0.392   959.847 2.712E+02     AA   H000000
 7.500E+01 0.000E+00 0.000E+00 0.000E+00 0.000E+00 0.000E+00 0.000E+00
     0.512   945.460 2.705E+02     AA   H000000
 7.500E+01 0.000E+00 0.000E+00 0.000E+00 0.000E+00 0.000E+00 0.000E+00
     0.648   929.331 2.698E+02     AA   H000000
 7.500E+01 0.000E+00 0.000E+00 0.000E+00 0.000E+00 0.000E+00 0.000E+00
     0.800   911.648 2.701E+02     AA   H000000
 7.500E+01 0.000E+00 0.000E+00 0.000E+00 0.000E+00 0.000E+00 0.000E+00
     0.968   892.505 2.694E+02     AA   H000000
 7.500E+01 0.000E+00 0.000E+00 0.000E+00 0.000E+00 0.000E+00 0.000E+00
     1.152   872.013 2.697E+02     AA   H000000
 7.500E+01 0.000E+00 0.000E+00 0.000E+00 0.000E+00 0.000E+00 0.000E+00
     1.352   850.210 2.684E+02     AA   H000000
 7.500E+01 0.000E+00 0.000E+00 0.000E+00 0.000E+00 0.000E+00 0.000E+00
     1.568   827.117 2.669E+02     AA   H000000
 7.500E+01 0.000E+00 0.000E+00 0.000E+00 0.000E+00 0.000E+00 0.000E+00
     1.800   802.975 2.663E+02     AA   H000000
 7.500E+01 0.000E+00 0.000E+00 0.000E+00 0.000E+00 0.000E+00 0.000E+00
     2.048   777.918 2.657E+02     AA   H000000
 7.500E+01 0.000E+00 0.000E+00 0.000E+00 0.000E+00 0.000E+00 0.000E+00
     2.312   752.126 2.667E+02     AA   H000000
 7.500E+01 0.000E+00 0.000E+00 0.000E+00 0.000E+00 0.000E+00 0.000E+00
     2.592   725.811 2.664E+02     AA   H000000
 7.500E+01 0.000E+00 0.000E+00 0.000E+00 0.000E+00 0.000E+00 0.000E+00
     2.888   698.847 2.656E+02     AA   H000000
 7.500E+01 0.000E+00 0.000E+00 0.000E+00 0.000E+00 0.000E+00 0.000E+00
     3.200   671.384 2.636E+02     AA   H000000
 7.500E+01 0.000E+00 0.000E+00 0.000E+00 0.000E+00 0.000E+00 0.000E+00
     3.528   643.500 2.618E+02     AA   H000000
 7.500E+01 0.000E+00 0.000E+00 0.000E+00 0.000E+00 0.000E+00 0.000E+00
     3.872   615.213 2.594E+02     AA   H000000
 7.500E+01 0.000E+00 0.000E+00 0.000E+00 0.000E+00 0.000E+00 0.000E+00
     4.232   586.672 2.572E+02     AA   H000000
 7.500E+01 0.000E+00 0.000E+00 0.000E+00 0.000E+00 0.000E+00 0.000E+00
     4.608   558.081 2.547E+02     AA   H000000
 7.500E+01 0.000E+00 0.000E+00 0.000E+00 0.000E+00 0.000E+00 0.000E+00
     5.000   529.396 2.522E+02     AA   H000000
 7.500E+01 0.000E+00 0.000E+00 0.000E+00 0.000E+00 0.000E+00 0.000E+00
     5.408   500.805 2.494E+02     AA   H000000
 7.500E+01 0.000E+00 0.000E+00 0.000E+00 0.000E+00 0.000E+00 0.000E+00
     5.832   472.491 2.462E+02     AA   H000000
 7.500E+01 0.000E+00 0.000E+00 0.000E+00 0.000E+00 0.000E+00 0.000E+00
     6.272   444.362 2.432E+02     AA   H000000
 7.500E+01 0.000E+00 0.000E+00 0.000E+00 0.000E+00 0.000E+00 0.000E+00
     6.728   416.715 2.399E+02     AA   H000000
 7.500E+01 0.000E+00 0.000E+00 0.000E+00 0.000E+00 0.000E+00 0.000E+00
     7.200   389.511 2.362E+02     AA   H000000
 7.500E+01 0.000E+00 0.000E+00 0.000E+00 0.000E+00 0.000E+00 0.000E+00
     7.688   362.867 2.324E+02     AA   H000000
 7.500E+01 0.000E+00 0.000E+00 0.000E+00 0.000E+00 0.000E+00 0.000E+00
     8.192   336.850 2.283E+02     AA   H000000
 7.500E+01 0.000E+00 0.000E+00 0.000E+00 0.000E+00 0.000E+00 0.000E+00
     8.712   311.611 2.258E+02     AA   H000000
 7.500E+01 0.000E+00 0.000E+00 0.000E+00 0.000E+00 0.000E+00 0.000E+00
     9.248   287.507 2.250E+02     AA   H000000
 7.500E+01 0.000E+00 0.000E+00 0.000E+00 0.000E+00 0.000E+00 0.000E+00
     9.800   264.480 2.239E+02     AA   H000000
 7.500E+01 0.000E+00 0.000E+00 0.000E+00 0.000E+00 0.000E+00 0.000E+00
    10.368   242.622 2.252E+02     AA   H000000
 7.500E+01 0.000E+00 0.000E+00 0.000E+00 0.000E+00 0.000E+00 0.000E+00
    10.952   222.323 2.273E+02     AA   H000000
 7.500E+01 0.000E+00 0.000E+00 0.000E+00 0.000E+00 0.000E+00 0.000E+00
    11.552   203.319 2.283E+02     AA   H000000
 7.500E+01 0.000E+00 0.000E+00 0.000E+00 0.000E+00 0.000E+00 0.000E+00
    12.168   185.641 2.289E+02     AA   H000000
 7.500E+01 0.000E+00 0.000E+00 0.000E+00 0.000E+00 0.000E+00 0.000E+00
    12.800   169.144 2.288E+02     AA   H000000
 7.500E+01 0.000E+00 0.000E+00 0.000E+00 0.000E+00 0.000E+00 0.000E+00
    13.448   153.707 2.286E+02     AA   H000000
 7.500E+01 0.000E+00 0.000E+00 0.000E+00 0.000E+00 0.000E+00 0.000E+00
    14.112   139.389 2.290E+02     AA   H000000
 7.500E+01 0.000E+00 0.000E+00 0.000E+00 0.000E+00 0.000E+00 0.000E+00
    14.792   126.159 2.291E+02     AA   H000000
 7.500E+01 0.000E+00 0.000E+00 0.000E+00 0.000E+00 0.000E+00 0.000E+00
    15.488   113.884 2.295E+02     AA   H000000
 7.500E+01 0.000E+00 0.000E+00 0.000E+00 0.000E+00 0.000E+00 0.000E+00
    16.200   102.527 2.292E+02     AA   H000000
 7.500E+01 0.000E+00 0.000E+00 0.000E+00 0.000E+00 0.000E+00 0.000E+00
    16.928    92.176 2.296E+02     AA   H000000
 7.500E+01 0.000E+00 0.000E+00 0.000E+00 0.000E+00 0.000E+00 0.000E+00
    17.672    82.673 2.298E+02     AA   H000000
 7.500E+01 0.000E+00 0.000E+00 0.000E+00 0.000E+00 0.000E+00 0.000E+00
    18.432    73.990 2.298E+02     AA   H000000
 7.500E+01 0.000E+00 0.000E+00 0.000E+00 0.000E+00 0.000E+00 0.000E+00
    19.208    66.034 2.300E+02     AA   H000000
 7.500E+01 0.000E+00 0.000E+00 0.000E+00 0.000E+00 0.000E+00 0.000E+00
    20.000    58.818 2.300E+02     AA   H000000
 7.500E+01 0.000E+00 0.000E+00 0.000E+00 0.000E+00 0.000E+00 0.000E+00
    3    0    0  The following cross-sections were selected:
CCL4      F11       F12
    2    0 XS 1995 UNEP values
     0.000     AAA
 1.105E-04 2.783E-04 5.027E-04
    20.000     AAA
 1.105E-04 2.783E-04 5.027E-04
-1
%%%
